# Type=1, All taus
0       1       -7.56041        0.886223        2.87366e-05
0.1     1       -7.97824        0.899012        -1.22161e-05
0.2     1       -7.77368        0.887664        1.96755e-05
0.3     1       -8.46714        0.899684        -2.78393e-06
0.4     1       -8.67114        0.896144        -3.48171e-05
0.5     1       -8.44198        0.89708 -1.49234e-05
0.6     1       -8.00469        0.889935        -5.08424e-06
0.7     1       -8.31746        0.877593        2.55083e-05
0.8     1       -8.26631        0.884136        1.15024e-07
0.9     1       -8.05322        0.879207        7.35487e-06
1       1       -8.63734        0.878873        7.41002e-06
1.1     1       -8.59289        0.860627        1.18311e-05
1.2     1       -7.42765        0.824906        9.04719e-05
1.3     1       -7.81211        0.786239        5.38466e-05
1.4     1       -8.625  0.81897 3.56715e-05
1.5     1       -10.0712        0.900739        5.49893e-05
1.6     1       -10.1236        0.898408        6.39756e-06
1.7     1       -9.24233        0.855206        7.13576e-05
1.8     1       -7.78811        0.75096 0.000195092
1.9     1       -5.66411        0.665219        0.000242299
2       1       -3.72388        0.645851        0.000291598
2.2     1       -4.84073        0.668346        0.000201494
2.5	-1
